0,	0
0.034287807,	79.51070151
0.102858189,	159.021403
0.13714338,	250.4588311
0.205716378,	357.7981568
0.274286761,	473.0887346
0.308571952,	548.6239617
0.342857143,	580.4280604
0.480000523,	620.1834111
0.617143903,	648.0123386
0.822857666,	667.890014
1.097144427,	691.7431638
1.405716378,	711.6208392
1.714285714,	727.5230401
2.022857666,	743.4249378
2.365714809,	755.3516643
2.811430141,	771.2538653
3.257142857,	787.1560663
3.634287807,	795.1070151
3.908571952,	799.0824895
4.217143903,	807.0337416
4.560001046,	814.9846905
4.902858189,	822.9356393
5.245715332,	830.8868914

