lattice: hP

c/a: 1.604

rho: 4506.0

mechanical:
  output: [F, P]
  elastic: {type: Hooke, C_11: 150400000000.0, C_33: 163700000000.0, C_44: 41700000000.0, C_12: 83000000000.0, C_13: 58000000000.0}
  plastic:
    type: phenopowerlaw
    N_sl: [3, 3, 0, 12]
    n_sl: 20
    a_sl: 2.0
    dot_gamma_0_sl: 0.001
    h_0_sl-sl: 248909103.76013613
    xi_0_sl: [374819948.1491417, 435058868.3873967, 0, 488604575.2658455]
    xi_inf_sl: [554957076.7572447, 1465555660.4504702, 0, 3341466905.827072]
    h_sl-sl: [1.0, 1.0, 1.0, 1.0, 1.0, 1.0, 1.0, 1.0, -1.0, -1.0, -1.0, -1.0, -1.0, -1.0, -1.0, -1.0, -1.0, -1.0, -1.0, 1.0, 1.0, 1.0, 1.0, 1.0, 1.0, 1.0, 1.0, 1.0, 1.0, 1.0, 1.0, 1.0, 1.0, 1.0, 1.0, 1.0, 1.0, 1.0, 1.0, 1.0, 1.0, 1.0, 1.0, 1.0, 1.0, 1.0]
